node_id,N001,N007,N002,N003,N005,N006,N004,N008,N009,N010,N011,N012,N013,N014,N015,N016,N017,N019,N018,N021,N024,N023,N020,N022,N025,N026,N028,N027,N029,N030,N031,N032,N033,N034,N035,N036,N037,N038,N039,N040,N041,N042,N043,N044,N045,N046,N047,N048,N049,N050,N051
N001,0.0,2.123904255285224,2.621919858337097,3.1447807502504226,4.096686477871942,4.2057040543081445,5.047338885357793,5.262200281162554,7.35605270931734,9.53088325819207,11.473154726028412,14.608412985202968,17.612499527731263,20.814444791049475,22.824598757448747,23.780360809270967,25.86307746549304,26.976089119669027,29.31971951676501,30.35492301830835,31.31786507583042,33.38308521529766,34.434698937619736,35.45871812128425,36.546405380086206,39.60091171429056,40.54491840291815,42.67182739539174,43.685163890945546,46.78520314818686,48.98040729264602,51.17623385392567,53.261259251397945,55.23431081829603,57.35093737793271,60.459196329370975,61.47064948907772,63.548899434235565,66.50359699706277,69.62325382825645,72.75874458655605,75.90546793404525,77.93039002498645,79.95801054147343,83.03959097604945,85.04621335554685,87.18085154600853,90.11917116827438,92.38074011890104,94.40460650324364,95.6899949648003
N007,2.123904255285224,0.0,0.498015603051873,1.0208764949651985,1.972782222586718,2.0817997990229204,2.923434630072569,3.1382960258773296,5.2321484540321155,7.406979002906846,9.349250470743188,12.484508729917744,15.48859527244604,18.69054053576425,20.700694502163522,21.65645655398574,23.739173210207813,24.8521848643838,27.195815261479783,28.231018763023126,29.193960820545193,31.259180960012436,32.31079468233451,33.334813865999024,34.42250112480098,37.477007459005335,38.421014147632924,40.54792314010651,41.56125963566032,44.661298892901634,46.856503037360795,49.05232959864045,51.13735499611272,53.110406563010805,55.227033122647484,58.33529207408575,59.3467452337925,61.42499517895034,64.37969274177755,67.49934957297123,70.63484033127082,73.78156367876002,75.80648576970123,77.8341062861882,80.91568672076423,82.92230910026163,85.0569472907233,87.99526691298915,90.25683586361582,92.28070224795842,93.56609070951508
N002,2.621919858337097,0.498015603051873,0.0,0.5228608919133255,1.474766619534845,1.5837841959710475,2.425419027020696,2.6402804228254566,4.734132850980243,6.908963399854972,8.851234867691314,11.98649312686587,14.990579669394165,18.192524932712377,20.20267889911165,21.15844095093387,23.24115760715594,24.35416926133193,26.69779965842791,27.733003159971254,28.69594521749332,30.761165356960564,31.812779079282638,32.836798262947156,33.92448552174911,36.97899185595347,37.922998544581056,40.049907537054644,41.06324403260845,44.163283289849765,46.35848743430893,48.55431399558858,50.63933939306085,52.61239095995894,54.729017519595615,57.83727647103388,58.84872963074063,60.92697957589847,63.88167713872568,67.00133396991936,70.13682472821895,73.28354807570815,75.30847016664936,77.33609068313633,80.41767111771236,82.42429349720976,84.55893168767143,87.49725130993728,89.75882026056395,91.78268664490655,93.06807510646321
N003,3.1447807502504226,1.0208764949651985,0.5228608919133255,0.0,0.9519057276215195,1.060923304057722,1.9025581351073706,2.117419530912131,4.211271959066917,6.386102507941647,8.328373975777989,11.463632234952545,14.46771877748084,17.669664040799052,19.679818007198325,20.635580059020544,22.718296715242616,23.831308369418604,26.174938766514586,27.21014226805793,28.173084325579996,30.23830446504724,31.289918187369313,32.31393737103383,33.40162462983578,36.45613096404014,37.40013765266772,39.52704664514131,40.54038314069513,43.64042239793643,45.8356265423956,48.03145310367525,50.116478501147526,52.089530068045605,54.20615662768229,57.31441557912055,58.325868738827296,60.404118683985146,63.35881624681235,66.47847307800603,69.61396383630563,72.76068718379483,74.78560927473603,76.81322979122301,79.89481022579903,81.90143260529643,84.0360707957581,86.97439041802396,89.23595936865063,91.25982575299322,92.54521421454989
N005,4.096686477871942,1.972782222586718,1.474766619534845,0.9519057276215195,0.0,0.10901757643620247,0.9506524074858511,1.1655138032906116,3.259366231445398,5.434196780320128,7.37646824815647,10.511726507331026,13.515813049859322,16.717758313177534,18.727912279576806,19.683674331399025,21.766390987621097,22.879402641797085,25.223033038893067,26.25823654043641,27.221178597958477,29.28639873742572,30.338012459747794,31.36203164341231,32.449718902214265,35.50422523641862,36.44823192504621,38.575140917519796,39.588477413073605,42.68851667031492,44.88372081477408,47.07954737605373,49.164572773526004,51.13762434042409,53.25425090006077,56.362509851499034,57.37396301120578,59.452212956363624,62.40691051919083,65.52656735038451,68.6620581086841,71.8087814561733,73.83370354711451,75.86132406360149,78.94290449817751,80.94952687767491,83.08416506813658,86.02248469040244,88.2840536410291,90.3079200253717,91.59330848692836
N006,4.2057040543081445,2.0817997990229204,1.5837841959710475,1.060923304057722,0.10901757643620247,0.0,0.8416348310496486,1.0564962268544091,3.1503486550091955,5.325179203883925,7.267450671720267,10.402708930894823,13.406795473423118,16.608740736741332,18.618894703140604,19.574656754962824,21.657373411184892,22.770385065360884,25.114015462456862,26.149218964000205,27.112161021522276,29.17738116098952,30.228994883311593,31.253014066976107,32.34070132577806,35.39520765998242,36.33921434861001,38.466123341083595,39.4794598366374,42.57949909387872,44.77470323833788,46.97052979961753,49.0555551970898,51.02860676398789,53.145233323624566,56.25349227506283,57.26494543476958,59.34319537992742,62.29789294275463,65.41754977394831,68.5530405322479,71.6997638797371,73.72468597067831,75.75230648716528,78.83388692174131,80.84050930123871,82.97514749170038,85.91346711396623,88.1750360645929,90.1989024489355,91.48429091049216
N004,5.047338885357793,2.923434630072569,2.425419027020696,1.9025581351073706,0.9506524074858511,0.8416348310496486,0.0,0.2148613958047605,2.308713823959547,4.4835443728342765,6.4258158406706185,9.561074099845175,12.56516064237347,15.767105905691682,17.777259872090955,18.733021923913174,20.815738580135246,21.928750234311234,24.272380631407216,25.30758413295056,26.270526190472626,28.33574632993987,29.387360052261943,30.411379235926457,31.499066494728414,34.553572828932765,35.497579517560354,37.62448851003394,38.63782500558775,41.73786426282906,43.933068407288225,46.12889496856788,48.21392036604015,50.186971932938235,52.30359849257491,55.41185744401318,56.423310603719926,58.50156054887777,61.456258111704976,64.57591494289866,67.71140570119826,70.85812904868746,72.88305113962866,74.91067165611564,77.99225209069166,79.99887447018907,82.13351266065074,85.07183228291659,87.33340123354326,89.35726761788585,90.64265607944252
N008,5.262200281162554,3.1382960258773296,2.6402804228254566,2.117419530912131,1.1655138032906116,1.0564962268544091,0.2148613958047605,0.0,2.0938524281547863,4.268682977029516,6.210954444865858,9.346212704040415,12.35029924656871,15.552244509886922,17.562398476286194,18.518160528108414,20.600877184330486,21.713888838506474,24.057519235602456,25.0927227371458,26.055664794667866,28.12088493413511,29.172498656457183,30.196517840121697,31.284205098923653,34.338711433128005,35.28271812175559,37.40962711422918,38.42296360978299,41.5230028670243,43.718207011483464,45.91403357276312,47.99905897023539,49.972110537133474,52.08873709677015,55.19699604820842,56.208449207915166,58.28669915307301,61.241396715900215,64.3610535470939,67.4965443053935,70.6432676528827,72.6681897438239,74.69581026031088,77.7773906948869,79.7840130743843,81.91865126484598,84.85697088711183,87.1185398377385,89.14240622208109,90.42779468363776
N009,7.35605270931734,5.2321484540321155,4.734132850980243,4.211271959066917,3.259366231445398,3.1503486550091955,2.308713823959547,2.0938524281547863,0.0,2.1748305488747297,4.117102016711072,7.252360275885628,10.256446818413924,13.458392081732136,15.468546048131408,16.424308099953628,18.5070247561757,19.620036410351688,21.96366680744767,22.998870308991012,23.96181236651308,26.027032505980323,27.078646228302397,28.10266541196691,29.190352670768867,32.24485900497322,33.18886569360081,35.3157746860744,36.32911118162821,39.42915043886952,41.62435458332868,43.820181144608334,45.905206542080606,47.87825810897869,49.99488466861537,53.103143620053636,54.11459677976038,56.192846724918226,59.14754428774543,62.26720111893911,65.40269187723871,68.54941522472791,70.57433731566911,72.60195783215609,75.68353826673211,77.69016064622951,79.82479883669119,82.76311845895704,85.0246874095837,87.0485537939263,88.33394225548297
N010,9.53088325819207,7.406979002906846,6.908963399854972,6.386102507941647,5.434196780320128,5.325179203883925,4.4835443728342765,4.268682977029516,2.1748305488747297,0.0,1.942271467836342,5.077529727010898,8.081616269539193,11.283561532857405,13.293715499256678,14.249477551078897,16.33219420730097,17.445205861476957,19.78883625857294,20.824039760116282,21.78698181763835,23.852201957105592,24.903815679427666,25.92783486309218,27.015522121894136,30.07002845609849,31.01403514472608,33.14094413719967,34.154280632753476,37.25431988999479,39.44952403445395,41.6453505957336,43.730375993205875,45.70342756010396,47.82005411974064,50.928313071178906,51.93976623088565,54.018016176043496,56.9727137388707,60.09237057006438,63.22786132836398,66.37458467585319,68.39950676679439,70.42712728328135,73.50870771785739,75.51533009735479,77.64996828781645,80.5882879100823,82.84985686070897,84.87372324505156,86.15911170660823
N011,11.473154726028412,9.349250470743188,8.851234867691314,8.328373975777989,7.37646824815647,7.267450671720267,6.4258158406706185,6.210954444865858,4.117102016711072,1.942271467836342,0.0,3.135258259174556,6.139344801702851,9.341290065021063,11.351444031420336,12.307206083242555,14.389922739464627,15.502934393640615,17.846564790736597,18.88176829227994,19.844710349802007,21.90993048926925,22.961544211591324,23.985563395255838,25.073250654057794,28.12775698826215,29.071763676889738,31.198672669363326,32.212009164917134,35.31204842215845,37.50725256661761,39.70307912789726,41.78810452536953,43.76115609226762,45.8777826519043,48.986041603342564,49.99749476304931,52.075744708207154,55.03044227103436,58.15009910222804,61.28558986052764,64.43231320801684,66.45723529895804,68.48485581544502,71.56643625002104,73.57305862951844,75.70769681998011,78.64601644224597,80.90758539287263,82.93145177721523,84.2168402387719
N012,14.608412985202968,12.484508729917744,11.98649312686587,11.463632234952545,10.511726507331026,10.402708930894823,9.561074099845175,9.346212704040415,7.252360275885628,5.077529727010898,3.135258259174556,0.0,3.004086542528295,6.206031805846507,8.21618577224578,9.171947824067999,11.25466448029007,12.367676134466059,14.711306531562041,15.746510033105384,16.70945209062745,18.774672230094694,19.826285952416768,20.850305136081282,21.93799239488324,24.992498729087593,25.936505417715182,28.06341441018877,29.07675090574258,32.17679016298389,34.37199430744305,36.567820868722706,38.65284626619498,40.62589783309306,42.74252439272974,45.85078334416801,46.862236503874755,48.9404864490326,51.895184011859804,55.014840843053484,58.15033160135308,61.29705494884228,63.321977039783484,65.34959755627045,68.43117799084649,70.4378003703439,72.57243856080555,75.5107581830714,77.77232713369807,79.79619351804067,81.08158197959733
N013,17.612499527731263,15.48859527244604,14.990579669394165,14.46771877748084,13.515813049859322,13.406795473423118,12.56516064237347,12.35029924656871,10.256446818413924,8.081616269539193,6.139344801702851,3.004086542528295,0.0,3.201945263318212,5.212099229717484,6.167861281539704,8.250577937761776,9.363589591937764,11.707219989033746,12.742423490577089,13.705365548099156,15.770585687566399,16.822199409888473,17.846218593552987,18.933905852354943,21.988412186559298,22.932418875186887,25.059327867660475,26.072664363214283,29.172703620455597,31.367907764914758,33.56373432619441,35.648759723666686,37.621811290564764,39.73843785020145,42.84669680163971,43.858149961346456,45.936399906504306,48.89109746933151,52.01075430052519,55.14624505882479,58.29296840631399,60.31789049725519,62.34551101374217,65.4270914483182,67.4337138278156,69.56835201827727,72.50667164054312,74.76824059116979,76.79210697551238,78.07749543706905
N014,20.814444791049475,18.69054053576425,18.192524932712377,17.669664040799052,16.717758313177534,16.608740736741332,15.767105905691682,15.552244509886922,13.458392081732136,11.283561532857405,9.341290065021063,6.206031805846507,3.201945263318212,0.0,2.0101539663992725,2.965916018221492,5.048632674443564,6.161644328619552,8.505274725715534,9.540478227258877,10.503420284780944,12.568640424248187,13.620254146570261,14.644273330234775,15.731960589036731,18.786466923241086,19.730473611868675,21.857382604342263,22.87071909989607,25.970758357137385,28.165962501596546,30.3617890628762,32.44681446034847,34.419866027246556,36.536492586883234,39.6447515383215,40.65620469802825,42.73445464318609,45.6891522060133,48.80880903720698,51.94429979550657,55.09102314299577,57.115945233936976,59.14356575042395,62.22514618499998,64.23176856449737,66.36640675495906,69.30472637722491,71.56629532785158,73.59016171219417,74.87555017375084
N015,22.824598757448747,20.700694502163522,20.20267889911165,19.679818007198325,18.727912279576806,18.618894703140604,17.777259872090955,17.562398476286194,15.468546048131408,13.293715499256678,11.351444031420336,8.21618577224578,5.212099229717484,2.0101539663992725,0.0,0.9557620518222194,3.038478708044291,4.1514903622202795,6.495120759316261,7.530324260859604,8.493266318381671,10.558486457848915,11.610100180170988,12.634119363835502,13.721806622637459,16.776312956841814,17.720319645469402,19.84722863794299,20.8605651334968,23.960604390738112,26.155808535197274,28.351635096476926,30.436660493949198,32.40971206084728,34.52633862048396,37.63459757192223,38.646050731628975,40.72430067678682,43.678998239614025,46.798655070807705,49.9341458291073,53.0808691765965,55.105791267537704,57.13341178402468,60.214992218600706,62.22161459809811,64.35625278855977,67.29457241082562,69.55614136145229,71.58000774579489,72.86539620735155
N016,23.780360809270967,21.65645655398574,21.15844095093387,20.635580059020544,19.683674331399025,19.574656754962824,18.733021923913174,18.518160528108414,16.424308099953628,14.249477551078897,12.307206083242555,9.171947824067999,6.167861281539704,2.965916018221492,0.9557620518222194,0.0,2.082716656222072,3.19572831039806,5.539358707494042,6.574562209037385,7.537504266559452,9.602724406026695,10.654338128348769,11.678357312013283,12.76604457081524,15.820550905019594,16.764557593647183,18.89146658612077,19.90480308167458,23.004842338915893,25.200046483375054,27.395873044654707,29.48089844212698,31.453950009025064,33.57057656866174,36.67883552010001,37.690288679806756,39.7685386249646,42.723236187791805,45.842893018985485,48.97838377728508,52.12510712477428,54.150029215715485,56.17764973220246,59.25923016677849,61.26585254627589,63.40049073673756,66.33881035900342,68.60037930963009,70.62424569397268,71.90963415552935
N017,25.86307746549304,23.739173210207813,23.24115760715594,22.718296715242616,21.766390987621097,21.657373411184892,20.815738580135246,20.600877184330486,18.5070247561757,16.33219420730097,14.389922739464627,11.25466448029007,8.250577937761776,5.048632674443564,3.038478708044291,2.082716656222072,0.0,1.1130116541759882,3.45664205127197,4.491845552815313,5.45478761033738,7.520007749804623,8.571621472126697,9.595640655791211,10.683327914593168,13.737834248797522,14.681840937425111,16.8087499298987,17.822086425452508,20.92212568269382,23.117329827152982,25.313156388432635,27.398181785904907,29.371233352802992,31.48785991243967,34.59611886387793,35.60757202358468,37.68582196874253,40.64051953156974,43.76017636276342,46.89566712106301,50.04239046855221,52.067312559493416,54.09493307598039,57.17651351055642,59.18313589005382,61.31777408051549,64.25609370278134,66.51766265340801,68.5415290377506,69.82691749930727
N019,26.976089119669027,24.8521848643838,24.35416926133193,23.831308369418604,22.879402641797085,22.770385065360884,21.928750234311234,21.713888838506474,19.620036410351688,17.445205861476957,15.502934393640615,12.367676134466059,9.363589591937764,6.161644328619552,4.1514903622202795,3.19572831039806,1.1130116541759882,0.0,2.343630397095982,3.378833898639325,4.341775956161392,6.406996095628635,7.458609817950709,8.482629001615223,9.57031626041718,12.624822594621534,13.568829283249123,15.69573827572271,16.70907477127652,19.809114028517833,22.004318172976994,24.200144734256646,26.28517013172892,28.258221698627004,30.374848258263683,33.48310720970195,34.494560369408696,36.57281031456654,39.527507877393745,42.647164708587425,45.78265546688702,48.92937881437622,50.954300905317425,52.9819214218044,56.06350185638043,58.07012423587783,60.2047624263395,63.14308204860535,65.40465099923202,67.42851738357461,68.71390584513128
N018,29.31971951676501,27.195815261479783,26.69779965842791,26.174938766514586,25.223033038893067,25.114015462456862,24.272380631407216,24.057519235602456,21.96366680744767,19.78883625857294,17.846564790736597,14.711306531562041,11.707219989033746,8.505274725715534,6.495120759316261,5.539358707494042,3.45664205127197,2.343630397095982,0.0,1.035203501543343,1.99814555906541,4.063365698532653,5.114979420854727,6.138998604519241,7.2266858633211974,10.281192197525552,11.22519888615314,13.352107878626729,14.365444374180537,17.46548363142185,19.660687775881012,21.856514337160664,23.941539734632936,25.914591301531022,28.0312178611677,31.139476812605967,32.15092997231271,34.22917991747056,37.18387748029777,40.30353431149145,43.43902506979104,46.58574841728024,48.610670508221446,50.63829102470842,53.71987145928445,55.72649383878185,57.86113202924352,60.79945165150937,63.06102060213604,65.08488698647864,66.3702754480353
N021,30.35492301830835,28.231018763023126,27.733003159971254,27.21014226805793,26.25823654043641,26.149218964000205,25.30758413295056,25.0927227371458,22.998870308991012,20.824039760116282,18.88176829227994,15.746510033105384,12.742423490577089,9.540478227258877,7.530324260859604,6.574562209037385,4.491845552815313,3.378833898639325,1.035203501543343,0.0,0.9629420575220671,3.02816219698931,4.079775919311384,5.103795102975898,6.1914823617778545,9.24598869598221,10.189995384609798,12.316904377083386,13.330240872637194,16.430280129878508,18.62548427433767,20.82131083561732,22.906336233089593,24.87938779998768,26.996014359624358,30.104273311062624,31.11572647076937,33.19397641592721,36.14867397875442,39.2683308099481,42.40382156824769,45.55054491573689,47.575467006678096,49.60308752316507,52.6846679577411,54.6912903372385,56.82592852770017,59.76424814996602,62.02581710059269,64.04968348493529,65.33507194649195
N024,31.31786507583042,29.193960820545193,28.69594521749332,28.173084325579996,27.221178597958477,27.112161021522276,26.270526190472626,26.055664794667866,23.96181236651308,21.78698181763835,19.844710349802007,16.70945209062745,13.705365548099156,10.503420284780944,8.493266318381671,7.537504266559452,5.45478761033738,4.341775956161392,1.99814555906541,0.9629420575220671,0.0,2.065220139467243,3.116833861789317,4.140853045453831,5.228540304255787,8.283046638460142,9.22705332708773,11.353962319561319,12.367298815115127,15.46733807235644,17.662542216815602,19.858368778095254,21.943394175567526,23.916445742465612,26.03307230210229,29.141331253540557,30.152784413247304,32.23103435840515,35.18573192123235,38.30538875242603,41.44087951072563,44.58760285821483,46.61252494915603,48.64014546564301,51.721725900219035,53.728348279716435,55.86298647017811,58.80130609244396,61.062875043070626,63.08674142741322,64.37212988896988
N023,33.38308521529766,31.259180960012436,30.761165356960564,30.23830446504724,29.28639873742572,29.17738116098952,28.33574632993987,28.12088493413511,26.027032505980323,23.852201957105592,21.90993048926925,18.774672230094694,15.770585687566399,12.568640424248187,10.558486457848915,9.602724406026695,7.520007749804623,6.406996095628635,4.063365698532653,3.02816219698931,2.065220139467243,0.0,1.0516137223220738,2.0756329059865877,3.1633201647885443,6.217826498992899,7.161833187620488,9.288742180094076,10.302078675647884,13.402117932889198,15.597322077348359,17.79314863862801,19.878174036100283,21.85122560299837,23.967852162635047,27.076111114073314,28.08756427378006,30.165814218937903,33.12051178176511,36.24016861295879,39.375659371258386,42.522382718747586,44.54730480968879,46.574925326175766,49.65650576075179,51.66312814024919,53.797766330710864,56.736085952976715,58.99765490360338,61.02152128794598,62.306909749502644
N020,34.434698937619736,32.31079468233451,31.812779079282638,31.289918187369313,30.338012459747794,30.228994883311593,29.387360052261943,29.172498656457183,27.078646228302397,24.903815679427666,22.961544211591324,19.826285952416768,16.822199409888473,13.620254146570261,11.610100180170988,10.654338128348769,8.571621472126697,7.458609817950709,5.114979420854727,4.079775919311384,3.116833861789317,1.0516137223220738,0.0,1.0240191836645138,2.1117064424664704,5.166212776670825,6.110219465298414,8.237128457772002,9.25046495332581,12.350504210567124,14.545708355026285,16.741534916305937,18.82656031377821,20.799611880676295,22.916238440312974,26.02449739175124,27.035950551457987,29.11420049661583,32.068898059443036,35.188554890636716,38.32404564893631,41.47076899642551,43.495691087366716,45.52331160385369,48.60489203842972,50.61151441792712,52.74615260838879,55.68447223065464,57.94604118128131,59.969907565623906,61.25529602718057
N022,35.45871812128425,33.334813865999024,32.836798262947156,32.31393737103383,31.36203164341231,31.253014066976107,30.411379235926457,30.196517840121697,28.10266541196691,25.92783486309218,23.985563395255838,20.850305136081282,17.846218593552987,14.644273330234775,12.634119363835502,11.678357312013283,9.595640655791211,8.482629001615223,6.138998604519241,5.103795102975898,4.140853045453831,2.0756329059865877,1.0240191836645138,0.0,1.0876872588019566,4.142193593006311,5.0862002816339,7.213109274107488,8.226445769661296,11.32648502690261,13.521689171361771,15.717515732641424,17.802541130113696,19.77559269701178,21.89221925664846,25.000478208086726,26.011931367793473,28.090181312951316,31.044878875778522,34.1645357069722,37.3000264652718,40.446749812761,42.4716719037022,44.49929242018918,47.580872854765204,49.587495234262605,51.72213342472428,54.66045304699013,56.922021997616795,58.94588838195939,60.231276843516056
N025,36.546405380086206,34.42250112480098,33.92448552174911,33.40162462983578,32.449718902214265,32.34070132577806,31.499066494728414,31.284205098923653,29.190352670768867,27.015522121894136,25.073250654057794,21.93799239488324,18.933905852354943,15.731960589036731,13.721806622637459,12.76604457081524,10.683327914593168,9.57031626041718,7.2266858633211974,6.1914823617778545,5.228540304255787,3.1633201647885443,2.1117064424664704,1.0876872588019566,0.0,3.054506334204355,3.9985130228319434,6.125422015305531,7.13875851085934,10.238797768100653,12.434001912559815,14.629828473839467,16.71485387131174,18.687905438209825,20.804531997846503,23.91279094928477,24.924244108991516,27.00249405414936,29.957191616976566,33.076848448170246,36.21233920646984,39.35906255395904,41.383984644900245,43.41160516138722,46.49318559596325,48.49980797546065,50.63444616592232,53.57276578818817,55.83433473881484,57.858201123157436,59.1435895847141
N026,39.60091171429056,37.477007459005335,36.97899185595347,36.45613096404014,35.50422523641862,35.39520765998242,34.553572828932765,34.338711433128005,32.24485900497322,30.07002845609849,28.12775698826215,24.992498729087593,21.988412186559298,18.786466923241086,16.776312956841814,15.820550905019594,13.737834248797522,12.624822594621534,10.281192197525552,9.24598869598221,8.283046638460142,6.217826498992899,5.166212776670825,4.142193593006311,3.054506334204355,0.0,0.9440066886275886,3.0709156811011766,4.084252176654985,7.184291433896298,9.37949557835546,11.575322139635112,13.660347537107384,15.63339910400547,17.75002566364215,20.858284615080414,21.86973777478716,23.947987719945004,26.90268528277221,30.02234211396589,33.15783287226549,36.30455621975469,38.32947831069589,40.35709882718287,43.43867926175889,45.44530164125629,47.579939831717965,50.518259453983816,52.779828404610484,54.80369478895308,56.089083250509745
N028,40.54491840291815,38.421014147632924,37.922998544581056,37.40013765266772,36.44823192504621,36.33921434861001,35.497579517560354,35.28271812175559,33.18886569360081,31.01403514472608,29.071763676889738,25.936505417715182,22.932418875186887,19.730473611868675,17.720319645469402,16.764557593647183,14.681840937425111,13.568829283249123,11.22519888615314,10.189995384609798,9.22705332708773,7.161833187620488,6.110219465298414,5.0862002816339,3.9985130228319434,0.9440066886275886,0.0,2.126908992473588,3.1402454880273964,6.24028474526871,8.435488889727871,10.631315451007524,12.716340848479796,14.689392415377881,16.80601897501456,19.914277926452826,20.925731086159573,23.003981031317416,25.958678594144622,29.078335425338302,32.2138261836379,35.3605495311271,37.3854716220683,39.41309213855528,42.494672573131304,44.501294952628704,46.63593314309038,49.57425276535623,51.835821715982895,53.85968810032549,55.145076561882156
N027,42.67182739539174,40.54792314010651,40.049907537054644,39.52704664514131,38.575140917519796,38.466123341083595,37.62448851003394,37.40962711422918,35.3157746860744,33.14094413719967,31.198672669363326,28.06341441018877,25.059327867660475,21.857382604342263,19.84722863794299,18.89146658612077,16.8087499298987,15.69573827572271,13.352107878626729,12.316904377083386,11.353962319561319,9.288742180094076,8.237128457772002,7.213109274107488,6.125422015305531,3.0709156811011766,2.126908992473588,0.0,1.0133364955538084,4.113375752795122,6.308579897254283,8.504406458533936,10.589431856006208,12.562483422904293,14.679109982540972,17.787368933979238,18.798822093685985,20.877072038843828,23.831769601671034,26.951426432864714,30.08691719116431,33.23364053865351,35.258562629594714,37.28618314608169,40.367763580657716,42.37438596015512,44.50902415061679,47.44734377288264,49.70891272350931,51.732779107851904,53.01816756940857
N029,43.685163890945546,41.56125963566032,41.06324403260845,40.54038314069513,39.588477413073605,39.4794598366374,38.63782500558775,38.42296360978299,36.32911118162821,34.154280632753476,32.212009164917134,29.07675090574258,26.072664363214283,22.87071909989607,20.8605651334968,19.90480308167458,17.822086425452508,16.70907477127652,14.365444374180537,13.330240872637194,12.367298815115127,10.302078675647884,9.25046495332581,8.226445769661296,7.13875851085934,4.084252176654985,3.1402454880273964,1.0133364955538084,0.0,3.1000392572413134,5.295243401700475,7.491069962980127,9.576095360452399,11.549146927350485,13.665773486987163,16.77403243842543,17.785485598132176,19.86373554329002,22.818433106117226,25.938089937310906,29.073580695610502,32.2203040430997,34.245226134040905,36.27284665052788,39.35442708510391,41.36104946460131,43.49568765506298,46.43400727732883,48.6955762279555,50.719442612298096,52.00483107385476
N030,46.78520314818686,44.661298892901634,44.163283289849765,43.64042239793643,42.68851667031492,42.57949909387872,41.73786426282906,41.5230028670243,39.42915043886952,37.25431988999479,35.31204842215845,32.17679016298389,29.172703620455597,25.970758357137385,23.960604390738112,23.004842338915893,20.92212568269382,19.809114028517833,17.46548363142185,16.430280129878508,15.46733807235644,13.402117932889198,12.350504210567124,11.32648502690261,10.238797768100653,7.184291433896298,6.24028474526871,4.113375752795122,3.1000392572413134,0.0,2.1952041444591615,4.391030705738814,6.476056103211086,8.449107670109171,10.56573422974585,13.673993181184116,14.685446340890863,16.763696286048706,19.718393848875913,22.838050680069593,25.97354143836919,29.12026478585839,31.145186876799592,33.17280739328657,36.254387827862594,38.261010207359995,40.39564839782167,43.33396802008752,45.595536970714186,47.61940335505678,48.90479181661345
N031,48.98040729264602,46.856503037360795,46.35848743430893,45.8356265423956,44.88372081477408,44.77470323833788,43.933068407288225,43.718207011483464,41.62435458332868,39.44952403445395,37.50725256661761,34.37199430744305,31.367907764914758,28.165962501596546,26.155808535197274,25.200046483375054,23.117329827152982,22.004318172976994,19.660687775881012,18.62548427433767,17.662542216815602,15.597322077348359,14.545708355026285,13.521689171361771,12.434001912559815,9.37949557835546,8.435488889727871,6.308579897254283,5.295243401700475,2.1952041444591615,0.0,2.1958265612796524,4.280851958751924,6.25390352565001,8.370530085286688,11.478789036724955,12.490242196431701,14.568492141589545,17.52318970441675,20.64284653561043,23.778337293910027,26.925060641399227,28.94998273234043,30.977603248827407,34.05918368340343,36.06580606290083,38.200444253362505,41.13876387562836,43.400332826255024,45.42419921059762,46.709587672154285
N032,51.17623385392567,49.05232959864045,48.55431399558858,48.03145310367525,47.07954737605373,46.97052979961753,46.12889496856788,45.91403357276312,43.820181144608334,41.6453505957336,39.70307912789726,36.567820868722706,33.56373432619441,30.3617890628762,28.351635096476926,27.395873044654707,25.313156388432635,24.200144734256646,21.856514337160664,20.82131083561732,19.858368778095254,17.79314863862801,16.741534916305937,15.717515732641424,14.629828473839467,11.575322139635112,10.631315451007524,8.504406458533936,7.491069962980127,4.391030705738814,2.1958265612796524,0.0,2.085025397472272,4.058076964370358,6.174703524007036,9.282962475445302,10.294415635152049,12.372665580309892,15.327363143137099,18.44701997433078,21.582510732630375,24.729234080119575,26.754156171060778,28.781776687547755,31.86335712212378,33.86997950162118,36.00461769208285,38.942937314348704,41.20450626497537,43.22837264931797,44.51376111087463
N033,53.261259251397945,51.13735499611272,50.63933939306085,50.116478501147526,49.164572773526004,49.0555551970898,48.21392036604015,47.99905897023539,45.905206542080606,43.730375993205875,41.78810452536953,38.65284626619498,35.648759723666686,32.44681446034847,30.436660493949198,29.48089844212698,27.398181785904907,26.28517013172892,23.941539734632936,22.906336233089593,21.943394175567526,19.878174036100283,18.82656031377821,17.802541130113696,16.71485387131174,13.660347537107384,12.716340848479796,10.589431856006208,9.576095360452399,6.476056103211086,4.280851958751924,2.085025397472272,0.0,1.9730515668980857,4.089678126534764,7.19793707797303,8.209390237679777,10.28764018283762,13.242337745664827,16.361994576858507,19.497485335158103,22.644208682647303,24.669130773588506,26.696751290075483,29.77833172465151,31.78495410414891,33.91959229461058,36.85791191687643,39.1194808675031,41.1433472518457,42.42873571340236
N034,55.23431081829603,53.110406563010805,52.61239095995894,52.089530068045605,51.13762434042409,51.02860676398789,50.186971932938235,49.972110537133474,47.87825810897869,45.70342756010396,43.76115609226762,40.62589783309306,37.621811290564764,34.419866027246556,32.40971206084728,31.453950009025064,29.371233352802992,28.258221698627004,25.914591301531022,24.87938779998768,23.916445742465612,21.85122560299837,20.799611880676295,19.77559269701178,18.687905438209825,15.63339910400547,14.689392415377881,12.562483422904293,11.549146927350485,8.449107670109171,6.25390352565001,4.058076964370358,1.9730515668980857,0.0,2.1166265596366785,5.224885511074945,6.2363386707816915,8.314588615939535,11.269286178766741,14.388943009960421,17.524433768260018,20.671157115749217,22.69607920669042,24.723699723177397,27.805280157753423,29.811902537250823,31.946540727712495,34.88486034997835,37.146429300605014,39.17029568494761,40.455684146504275
N035,57.35093737793271,55.227033122647484,54.729017519595615,54.20615662768229,53.25425090006077,53.145233323624566,52.30359849257491,52.08873709677015,49.99488466861537,47.82005411974064,45.8777826519043,42.74252439272974,39.73843785020145,36.536492586883234,34.52633862048396,33.57057656866174,31.48785991243967,30.374848258263683,28.0312178611677,26.996014359624358,26.03307230210229,23.967852162635047,22.916238440312974,21.89221925664846,20.804531997846503,17.75002566364215,16.80601897501456,14.679109982540972,13.665773486987163,10.56573422974585,8.370530085286688,6.174703524007036,4.089678126534764,2.1166265596366785,0.0,3.108258951438266,4.119712111145013,6.197962056302856,9.152659619130063,12.272316450323743,15.407807208623339,18.55453055611254,20.579452647053742,22.60707316354072,25.688653598116744,27.695275977614145,29.829914168075817,32.76823379034167,35.029802740968336,37.05366912531093,38.3390575868676
N036,60.459196329370975,58.33529207408575,57.83727647103388,57.31441557912055,56.362509851499034,56.25349227506283,55.41185744401318,55.19699604820842,53.103143620053636,50.928313071178906,48.986041603342564,45.85078334416801,42.84669680163971,39.6447515383215,37.63459757192223,36.67883552010001,34.59611886387793,33.48310720970195,31.139476812605967,30.104273311062624,29.141331253540557,27.076111114073314,26.02449739175124,25.000478208086726,23.91279094928477,20.858284615080414,19.914277926452826,17.787368933979238,16.77403243842543,13.673993181184116,11.478789036724955,9.282962475445302,7.19793707797303,5.224885511074945,3.108258951438266,0.0,1.0114531597067469,3.08970310486459,6.0444006676917965,9.164057498885477,12.299548257185073,15.446271604674273,17.471193695615476,19.498814212102452,22.580394646678478,24.58701702617588,26.72165521663755,29.659974838903402,31.92154378953007,33.945410173872666,35.23079863542933
N037,61.47064948907772,59.3467452337925,58.84872963074063,58.325868738827296,57.37396301120578,57.26494543476958,56.423310603719926,56.208449207915166,54.11459677976038,51.93976623088565,49.99749476304931,46.862236503874755,43.858149961346456,40.65620469802825,38.646050731628975,37.690288679806756,35.60757202358468,34.494560369408696,32.15092997231271,31.11572647076937,30.152784413247304,28.08756427378006,27.035950551457987,26.011931367793473,24.924244108991516,21.86973777478716,20.925731086159573,18.798822093685985,17.785485598132176,14.685446340890863,12.490242196431701,10.294415635152049,8.209390237679777,6.2363386707816915,4.119712111145013,1.0114531597067469,0.0,2.078249945157843,5.03294750798505,8.15260433917873,11.288095097478326,14.434818444967526,16.45974053590873,18.487361052395705,21.56894148697173,23.575563866469132,25.710202056930804,28.648521679196655,30.910090629823323,32.93395701416592,34.219345475722584
N038,63.548899434235565,61.42499517895034,60.92697957589847,60.404118683985146,59.452212956363624,59.34319537992742,58.50156054887777,58.28669915307301,56.192846724918226,54.018016176043496,52.075744708207154,48.9404864490326,45.936399906504306,42.73445464318609,40.72430067678682,39.7685386249646,37.68582196874253,36.57281031456654,34.22917991747056,33.19397641592721,32.23103435840515,30.165814218937903,29.11420049661583,28.090181312951316,27.00249405414936,23.947987719945004,23.003981031317416,20.877072038843828,19.86373554329002,16.763696286048706,14.568492141589545,12.372665580309892,10.28764018283762,8.314588615939535,6.197962056302856,3.08970310486459,2.078249945157843,0.0,2.9546975628272065,6.074354394020887,9.209845152320483,12.356568499809683,14.381490590750886,16.409111107237862,19.490691541813888,21.49731392131129,23.63195211177296,26.570271734038812,28.83184068466548,30.855707069008076,32.14109553056474
N039,66.50359699706277,64.37969274177755,63.88167713872568,63.35881624681235,62.40691051919083,62.29789294275463,61.456258111704976,61.241396715900215,59.14754428774543,56.9727137388707,55.03044227103436,51.895184011859804,48.89109746933151,45.6891522060133,43.678998239614025,42.723236187791805,40.64051953156974,39.527507877393745,37.18387748029777,36.14867397875442,35.18573192123235,33.12051178176511,32.068898059443036,31.044878875778522,29.957191616976566,26.90268528277221,25.958678594144622,23.831769601671034,22.818433106117226,19.718393848875913,17.52318970441675,15.327363143137099,13.242337745664827,11.269286178766741,9.152659619130063,6.0444006676917965,5.03294750798505,2.9546975628272065,0.0,3.11965683119368,6.255147589493276,9.401870936982476,11.42679302792368,13.454413544410656,16.53599397898668,18.542616358484082,20.677254548945754,23.615574171211605,25.877143121838273,27.90100950618087,29.186397967737534
N040,69.62325382825645,67.49934957297123,67.00133396991936,66.47847307800603,65.52656735038451,65.41754977394831,64.57591494289866,64.3610535470939,62.26720111893911,60.09237057006438,58.15009910222804,55.014840843053484,52.01075430052519,48.80880903720698,46.798655070807705,45.842893018985485,43.76017636276342,42.647164708587425,40.30353431149145,39.2683308099481,38.30538875242603,36.24016861295879,35.188554890636716,34.1645357069722,33.076848448170246,30.02234211396589,29.078335425338302,26.951426432864714,25.938089937310906,22.838050680069593,20.64284653561043,18.44701997433078,16.361994576858507,14.388943009960421,12.272316450323743,9.164057498885477,8.15260433917873,6.074354394020887,3.11965683119368,0.0,3.1354907582995963,6.282214105788796,8.30713619673,10.334756713216976,13.416337147793001,15.422959527290402,17.557597717752074,20.495917340017925,22.757486290644593,24.78135267498719,26.066741136543854
N041,72.75874458655605,70.63484033127082,70.13682472821895,69.61396383630563,68.6620581086841,68.5530405322479,67.71140570119826,67.4965443053935,65.40269187723871,63.22786132836398,61.28558986052764,58.15033160135308,55.14624505882479,51.94429979550657,49.9341458291073,48.97838377728508,46.89566712106301,45.78265546688702,43.43902506979104,42.40382156824769,41.44087951072563,39.375659371258386,38.32404564893631,37.3000264652718,36.21233920646984,33.15783287226549,32.2138261836379,30.08691719116431,29.073580695610502,25.97354143836919,23.778337293910027,21.582510732630375,19.497485335158103,17.524433768260018,15.407807208623339,12.299548257185073,11.288095097478326,9.209845152320483,6.255147589493276,3.1354907582995963,0.0,3.1467233474892,5.171645438430403,7.199265954917379,10.280846389493405,12.287468768990806,14.422106959452478,17.36042658171833,19.621995532344997,21.645861916687593,22.931250378244258
N042,75.90546793404525,73.78156367876002,73.28354807570815,72.76068718379483,71.8087814561733,71.6997638797371,70.85812904868746,70.6432676528827,68.54941522472791,66.37458467585319,64.43231320801684,61.29705494884228,58.29296840631399,55.09102314299577,53.0808691765965,52.12510712477428,50.04239046855221,48.92937881437622,46.58574841728024,45.55054491573689,44.58760285821483,42.522382718747586,41.47076899642551,40.446749812761,39.35906255395904,36.30455621975469,35.3605495311271,33.23364053865351,32.2203040430997,29.12026478585839,26.925060641399227,24.729234080119575,22.644208682647303,20.671157115749217,18.55453055611254,15.446271604674273,14.434818444967526,12.356568499809683,9.401870936982476,6.282214105788796,3.1467233474892,0.0,2.024922090941203,4.05254260742818,7.134123042004205,9.140745421501606,11.275383611963278,14.21370323422913,16.475272184855797,18.499138569198394,19.784527030755058
